SR_44100:0.9996381570252073,-1.9989285008872868,0.9993351619838867,1.9989285008872868,-0.998973319009094,0.9997779163361364,-1.9976875673705463,0.9983128239866572,1.9976875673705463,-0.9980907403227938,1.002094030016828,-1.9975058694192205,0.9965224799384217,1.9975058694192205,-0.9986165099552498,1.0032492619650968,-1.995998631568401,0.9949308727693503,1.995998631568401,-0.9981801347344469,1.003995173956178,-1.9926911890467927,0.9931530593398405,1.9926911890467927,-0.9971482332960186,1.003755520184645,-1.9864178614001657,0.9913702595632754,1.9864178614001657,-0.9951257797479204,1.0006895407949545,-1.9763162059935375,0.9900020023750622,1.9763162059935375,-0.990691543170017,1.0031914493518512,-1.969159444107203,0.9874053966695424,1.969159444107203,-0.990596846021394,1.004244150724039,-1.9534890827037863,0.9839321937790739,1.9534890827037863,-0.9881763445031126,1.003449233741099,-1.926197601233157,0.979828730720278,1.926197601233157,-0.983277964461377,1.0045848734671392,-1.8770161994474368,0.9731874600966728,1.8770161994474368,-0.9777723335638121,1.0060906502760143,-1.7931989439528206,0.9643816116773356,1.7931989439528206,-0.97047226195335,1.013573268969575,-1.6934786267419701,0.9541390978888351,1.6934786267419701,-0.9677123668584101,1.0110396660457777,-1.5352825054533834,0.9444666910239096,1.5352825054533834,-0.9555063570696871,1.0164062486540153,-1.316705672015327,0.9308244292532778,1.316705672015327,-0.9472306779072931,1.025422205262567,-1.023101379655665,0.9141043127038956,1.023101379655665,-0.9395265179664627,1.025656661170219,-0.546263589040196,0.8942400894692034,0.546263589040196,-0.9198967506394227,1.0355915663795285,0.06101081421264527,0.8679282861534134,-0.06101081421264527,-0.903519852532942,1.0267640501419568,0.7387274237753072,0.8434826680498079,-0.7387274237753072,-0.8702467181917647,0.8983262283632775,1.5802958612959657,0.775881190231511,-1.5802958612959657,-0.6742074185947884
SR_48000:0.9996675429007083,-1.999018864849473,0.9993891545954082,1.999018864849473,-0.9990566974961163,0.9997959448077914,-1.9979053845128574,0.9984497868069031,1.9979053845128574,-0.9982457316146945,1.0019239981827743,-1.9977912874536863,0.9968048489155983,1.9977912874536863,-0.9987288470983726,1.0029854800550637,-1.9964862765872546,0.9953423951635015,1.9964862765872546,-0.9983278752185651,1.0036709911213044,-1.9936167837271053,0.9937086448181626,1.9936167837271053,-0.9973796359394669,1.0034510670800265,-1.9881682660436066,0.992069856726607,1.9881682660436066,-0.9955209238066336,1.0006337551259123,-1.9793035058326824,0.9908108667536047,1.9793035058326824,-0.9914446218795171,1.0029332636537773,-1.973250217160211,0.9884242899980414,1.973250217160211,-0.9913575536518185,1.003901185291648,-1.959824830710026,0.9852306165888283,1.959824830710026,-0.9891318018804764,1.0031711349632269,-1.9363755461727807,0.9814550644963792,1.9363755461727807,-0.9846261994596062,1.0042161529919522,-1.8943207215291633,0.9753437535091277,1.8943207215291633,-0.9795599065010798,1.0056024892714155,-1.8226654693659254,0.9672363985125377,1.8226654693659254,-0.9728388877839532,1.0124867609546353,-1.7376467467499106,0.9578101544211888,1.7376467467499106,-0.970296915375824,1.010160980982634,-1.6016138631552415,0.9488867784524496,1.6016138631552415,-0.9590477594350838,1.0151054267847468,-1.413218305793528,0.9363092355087553,1.413218305793528,-0.9514146622935022,1.0234136503440352,-1.158220779082819,0.9208907501280834,1.158220779082819,-0.9443044004721186,1.0236479422935343,-0.737112664916589,0.9025202755491563,0.737112664916589,-0.9261682178426907,1.032824957605133,-0.1873126627087918,0.8781945036747532,0.1873126627087918,-0.9110194612798862,1.0247122211081843,0.45684989454612646,0.8554818536842929,-0.45684989454612646,-0.8801940747924772,0.9064593724414739,1.4365373500880587,0.7938090249241575,-1.4365373500880587,-0.7002683973656315